inode: 529830
Allocated
Group: 64
Generation Id: 1536063775
uid / gid: 1000 / 1000
mode: rrw-rw-r--
Flags: Extents, 
size: 1843738
num of links: 1

Inode Times:
Accessed:	2018-11-12 17:20:15.261646000 (STD)
File Modified:	2018-11-12 17:20:14.265643000 (STD)
Inode Modified:	2018-11-12 17:20:15.261646301 (STD)
File Created:	2018-11-12 17:20:15.261646301 (STD)

Direct Blocks:
2223647 2223648 2223649 2223650 2223651 2223652 2223653 2223654 
2223655 2223656 2223657 2223658 2223659 2223660 2223661 2223662 
2223663 2223664 2223665 2223666 2223667 2223668 2223669 2223670 
2223671 2223672 2223673 2223674 2223675 2223676 2223677 2223678 
2223679 2223680 2223681 2223682 2223683 2223684 2223685 2223686 
2223687 2223688 2223689 2223690 2223691 2223692 2223693 2223694 
2223695 2223696 2223697 2223698 2223699 2223700 2223701 2223702 
2223703 2223704 2223705 2223706 2223707 2223708 2223709 2223710 
2223711 2223712 2223713 2223714 2223715 2223716 2223717 2223718 
2223719 2223720 2223721 2223722 2223723 2223724 2223725 2223726 
2223727 2223728 2223729 2223730 2223731 2223732 2223733 2223734 
2223735 2223736 2223737 2223738 2223739 2223740 2223741 2223742 
2223743 2223744 2223745 2223746 2223747 2223748 2223749 2223750 
2223751 2223752 2223753 2223754 2223755 2223756 2223757 2223758 
2223759 2223760 2223761 2223762 2223763 2223764 2223765 2223766 
2223767 2223768 2223769 2223770 2223771 2223772 2223773 2223774 
2223775 2223776 2223777 2223778 2223779 2223780 2223781 2223782 
2223783 2223784 2223785 2223786 2223787 2223788 2223789 2223790 
2223791 2223792 2223793 2223794 2223795 2223796 2223797 2223798 
2223799 2223800 2223801 2223802 2223803 2223804 2223805 2223806 
2223807 2223808 2223809 2223810 2223811 2223812 2223813 2223814 
2223815 2223816 2223817 2223818 2223819 2223820 2223821 2223822 
2223823 2223824 2223825 2223826 2223827 2223828 2223829 2223830 
2223831 2223832 2223833 2223834 2223835 2223836 2223837 2223838 
2223839 2223840 2223841 2223842 2223843 2223844 2223845 2223846 
2223847 2223848 2223849 2223850 2223851 2223852 2223853 2223854 
2223855 2223856 2223857 2223858 2223859 2223860 2223861 2223862 
2223863 2223864 2223865 2223866 2223867 2223868 2223869 2223870 
2223871 2223872 2223873 2223874 2223875 2223876 2223877 2223878 
2223879 2223880 2223881 2223882 2223883 2223884 2223885 2223886 
2223887 2223888 2223889 2223890 2223891 2223892 2223893 2223894 
2223895 2223896 2223897 2223898 2223899 2223900 2223901 2223902 
2223903 2223904 2223905 2223906 2223907 2223908 2223909 2223910 
2223911 2223912 2223913 2223914 2223915 2223916 2223917 2223918 
2223919 2223920 2223921 2223922 2223923 2223924 2223925 2223926 
2223927 2223928 2223929 2223930 2223931 2223932 2223933 2223934 
2223935 2223936 2223937 2223938 2223939 2223940 2223941 2223942 
2223943 2223944 2223945 2223946 2223947 2223948 2223949 2223950 
2223951 2223952 2223953 2223954 2223955 2223956 2223957 2223958 
2223959 2223960 2223961 2223962 2223963 2223964 2223965 2223966 
2223967 2223968 2223969 2223970 2223971 2223972 2223973 2223974 
2223975 2223976 2223977 2223978 2223979 2223980 2223981 2223982 
2223983 2223984 2223985 2223986 2223987 2223988 2223989 2223990 
2223991 2223992 2223993 2223994 2223995 2223996 2223997 2223998 
2223999 2224000 2224001 2224002 2224003 2224004 2224005 2224006 
2224007 2224008 2224009 2224010 2224011 2224012 2224013 2224014 
2224015 2224016 2224017 2224018 2224019 2224020 2224021 2224022 
2224023 2224024 2224025 2224026 2224027 2224028 2224029 2224030 
2224031 2224032 2224033 2224034 2224035 2224036 2224037 2224038 
2224039 2224040 2224041 2224042 2224043 2224044 2224045 2224046 
2224047 2224048 2224049 2224050 2224051 2224052 2224053 2224054 
2224055 2224056 2224057 2224058 2224059 2224060 2224061 2224062 
2224063 2224064 2224065 2224066 2224067 2224068 2224069 2224070 
2224071 2224072 2224073 2224074 2224075 2224076 2224077 2224078 
2224079 2224080 2224081 2224082 2224083 2224084 2224085 2224086 
2224087 2224088 2224089 2224090 2224091 2224092 2224093 2224094 
2224095 2224096 2224097 
